10
100
100
101
102
102
103
105
107
107
108
109
109
109
11
110
110
111
112
113
116
116
116
119
12
12
122
123
124
125
126
126
126
127
127
129
131
131
132
134
135
135
135
136
136
137
137
138
139
139
140
143
144
145
145
146
146
149
149
15
15
15
150
150
154
155
155
156
156
156
157
157
157
159
159
159
16
160
160
160
161
162
165
165
166
167
168
168
168
17
17
170
171
171
172
175
176
176
177
181
182
183
183
183
184
184
184
185
185
185
186
187
188
189
189
19
190
190
190
190
191
191
192
192
192
193
194
194
195
196
196
2
2
20
20
201
202
203
203
204
204
205
21
210
213
213
214
215
216
217
217
218
22
222
222
223
228
229
229
229
229
230
230
230
231
233
233
237
237
238
239
239
239
24
24
24
241
241
242
243
243
243
243
244
245
245
245
246
247
247
247
247
248
249
25
25
25
25
250
250
250
253
256
257
257
258
259
259
26
260
260
260
260
260
260
261
261
262
263
264
264
264
264
265
266
268
27
27
270
270
272
274
274
275
275
276
277
277
278
278
279
28
28
28
282
283
283
283
284
285
285
287
287
288
288
289
29
290
290
292
292
292
293
293
294
295
295
297
298
298
298
3
3
3
30
300
301
301
301
302
302
302
303
305
306
308
308
308
309
310
310
311
311
311
312
312
314
315
316
318
318
319
319
32
32
32
32
320
322
324
324
324
324
324
326
326
328
329
330
331
331
333
334
335
336
336
338
339
34
34
34
340
341
342
343
343
344
344
346
346
346
346
347
348
348
348
348
35
35
351
352
353
353
354
355
355
355
356
357
359
359
359
36
362
363
364
364
365
365
365
366
368
369
37
37
37
370
370
371
372
373
373
373
374
375
376
379
38
381
381
381
381
382
382
383
383
384
387
387
387
388
388
39
39
391
392
392
393
396
396
397
397
399
399
4
40
40
401
402
403
404
406
406
406
409
411
412
413
414
414
415
417
418
418
419
42
42
421
422
423
423
423
423
424
425
425
425
425
426
427
427
428
43
43
430
430
430
431
433
434
434
435
435
436
437
437
437
438
438
438
438
44
44
440
440
440
442
443
444
444
446
446
447
447
448
449
449
450
450
452
452
453
453
454
454
454
454
455
455
456
456
459
46
46
460
460
461
461
461
462
462
463
464
465
466
467
467
468
469
469
473
474
476
476
477
479
479
479
48
48
480
480
481
481
482
483
484
484
485
486
487
488
488
489
49
490
491
493
493
494
495
496
497
498
498
500
500
500
501
501
503
503
506
506
508
509
510
510
510
511
512
512
513
514
514
517
520
520
521
521
521
522
522
522
522
523
524
526
526
526
527
529
529
53
53
53
531
531
531
531
532
532
534
534
535
537
537
539
54
54
540
541
542
542
544
545
546
546
547
55
550
551
551
551
551
552
553
553
553
554
555
559
56
56
561
562
563
563
564
564
564
565
565
567
567
567
568
569
569
57
572
572
575
576
578
579
58
58
581
585
587
587
588
589
589
589
59
59
590
591
591
593
596
597
597
598
599
599
599
599
599
6
6
6
6
60
601
601
602
604
605
605
605
605
606
606
606
607
609
61
610
610
610
610
610
611
611
613
615
617
618
618
619
62
62
620
620
621
622
623
624
624
624
625
626
627
63
63
630
630
631
633
633
634
634
634
635
637
637
638
638
639
64
641
641
644
646
647
649
649
650
651
651
652
654
655
656
657
657
657
657
658
658
659
66
660
662
662
663
664
664
665
666
668
669
67
67
670
671
672
672
673
673
674
675
675
676
678
681
682
683
684
686
687
687
688
689
69
69
690
691
691
692
694
697
697
698
699
700
700
701
701
702
706
707
707
710
714
717
718
718
718
718
719
719
721
722
722
726
726
727
728
729
73
730
730
730
731
731
733
733
735
736
736
737
739
74
740
740
740
741
742
743
743
743
744
744
744
745
746
747
747
748
748
75
75
75
75
75
751
751
751
751
752
754
756
759
759
761
761
761
763
764
764
764
764
765
766
767
767
768
768
768
768
768
769
769
77
771
772
772
772
773
773
774
775
777
778
779
78
780
781
781
783
783
783
786
788
789
789
79
79
79
79
790
790
790
791
791
792
793
794
795
796
797
797
798
80
80
801
802
803
803
803
804
804
805
805
806
806
806
806
806
807
808
808
809
810
810
812
812
812
817
817
818
818
82
82
82
820
821
824
824
825
825
827
828
828
828
828
829
829
83
83
831
831
832
836
836
838
839
840
840
842
842
842
843
844
845
846
847
848
848
849
849
849
85
850
851
853
854
854
855
856
857
858
858
86
860
860
862
862
863
867
869
870
870
870
872
874
877
878
878
879
88
88
880
880
880
883
883
884
885
886
888
888
888
888
888
889
89
890
891
891
892
893
895
895
896
897
898
9
9
90
901
902
902
903
906
907
907
908
909
91
911
913
913
913
915
916
916
916
916
917
917
917
917
917
918
919
919
919
92
92
92
922
922
923
926
927
927
929
929
93
932
932
933
933
933
934
935
936
936
939
940
940
941
941
941
941
942
943
945
945
946
946
948
949
95
950
950
950
952
954
955
955
956
956
958
959
959
960
960
960
961
961
962
962
963
964
964
965
965
966
969
970
970
971
971
972
973
974
974
975
976
976
976
979
98
98
981
982
983
985
986
987
987
99
990
991
991
992
993
994
995